0
2
4
6
8
10
13
15
17
19
21
23
25
27
29
31
33
35
37
39
41
43
44
46
48
50
52
54
55
57
59
60
62
64
65
67
68
70
71
73
74
76
77
78
80
81
82
83
84
86
87
88
89
90
90
91
92
93
94
94
95
96
96
97
97
98
98
99
99
99
99
100
100
100
100
100
100
100
100
100
99
99
99
99
98
98
97
97
96
96
95
94
94
93
92
91
90
90
89
88
87
86
84
83
82
81
80
78
77
76
74
73
71
70
68
67
65
64
62
60
59
57
55
54
52
50
48
46
44
43
41
39
37
35
33
31
29
27
25
23
21
19
17
15
13
10
8
6
4
2
0
-2
-4
-6
-8
-10
-13
-15
-17
-19
-21
-23
-25
-27
-29
-31
-33
-35
-37
-39
-41
-43
-44
-46
-48
-50
-52
-54
-55
-57
-59
-60
-62
-64
-65
-67
-68
-70
-71
-73
-74
-76
-77
-78
-80
-81
-82
-83
-84
-86
-87
-88
-89
-90
-90
-91
-92
-93
-94
-94
-95
-96
-96
-97
-97
-98
-98
-99
-99
-99
-99
-100
-100
-100
-100
-100
-100
-100
-100
-100
-99
-99
-99
-99
-98
-98
-97
-97
-96
-96
-95
-94
-94
-93
-92
-91
-90
-90
-89
-88
-87
-86
-84
-83
-82
-81
-80
-78
-77
-76
-74
-73
-71
-70
-68
-67
-65
-64
-62
-60
-59
-57
-55
-54
-52
-50
-48
-46
-44
-43
-41
-39
-37
-35
-33
-31
-29
-27
-25
-23
-21
-19
-17
-15
-13
-10
-8
-6
-4
-2
